0001
0002
0003
0004
0005
0007
0008
0009
0010
0011
0012
0013
0014
0015
0016
0017
0018
0019
0020
0021
0022
0023
0024
0025
0026
0027
0028
0029
0030
0031
0032
0033
0034
0035
0036
0037
0038
0039
0040
0041
0042
0043
0044
0045
0046
0047
0048
0049
0050
0051
0052
0053
0054
0055
0056
0057
0058
0059
0060
0061
0062
0063
0064
0065
0066
0067
0068
0069
0070
0071
0072
0073
0074
0075
0076
0077
0078
0079
0080
0081
0082
0083
0084
0085
0086
0087
0088
0089
0090
0091
0092
0093
0094
0095
0096
0097
0098
0099
0100
0101
0102
0103
0104
0105
0106
0107
0108
0109
0110
0111
0112
0113
0114
0115
0116
0117
0118
0119
0120
0121
0122
0123
0124
0125
0126
0127
0128
0129
0130
0131
0132
0133
0134
0135
0136
0137
0138
0139
0140
0141
0142
0143
0144
0145
0146
0147
0148
0149
0150
0151
0152
0153
0154
0155
0156
0157
0158
0159
0160
0161
0162
0163
0164
0165
0166
0167
0168
0169
0170
0171
0172
0173
0174
0175
0176
0177
0178
0179
0180
0181
0182
0183
0184
0185
0186
0187
0188
0189
0190
0191
0192
0193
0194
0195
0196
0197
0198
0199
0200
0201
0202
0203
0204
0205
0206
0207
0208
0209
0210
0211
0212
0213
0214
0215
0216
0217
0218
0219
0220
0221
0222
0223
0224
0225
0226
0227
0228
0229
0230
0231
0232
0233
0234
0235
0236
0237
0238
0239
0240
0241
0242
0243
0244
0245
0246
0247
0248
0249
0250
0251
0252
0253
0254
0255
0256
0257
0258
0259
0261
0262
0263
0264
0265
0266
0267
0268
0269
0270
0271
0272
0273
0274
0275
0276
0277
0278
0279
0280
0281
0282
0283
0284
0285
0286
0287
0288
0289
0290
0291
0292
0293
0294
0295
0296
0297
0298
0299
0300
0301
0302
0303
0304
0305
0306
0307
0308
0309
0310
0311
0312
0313
0314
0315
0316
0317
0318
0319
0320
0321
0322
0323
0324
0325
0326
0327
0328
0329
0330
0331
0332
0333
0334
0335
0336
0337
0338
0339
0340
0341
0342
0343
0344
0345
0346
0347
0348
0349
0350
0351
0352
0353
0354
0355
0356
0357
0358
0359
0360
0361
0362
0363
0364
0365
0366
0367
0368
0369
0370
0371
0372
0373
0374
0375
0376
0377
0378
0379
0380
0381
0382
0383
0384
0385
0386
0387
0388
0389
0390
0391
0392
0393
0394
0395
0396
0397
0398
0400
0401
0402
0403
0404
0405
0406
0407
0408
0409
0410
0411
0412
0413
0414
0415
0416
0417
0418
0419
0420
0421
0422
0423
0424
0425
0426
0427
0428
0429
0430
0431
0432
0433
0434
0435
0436
0437
0438
0439
0440
0441
0442
0443
0444
0445
0446
0447
0448
0449
0450
0451
0452
0453
0454
0455
0456
0457
0458
0459
0460
0461
0462
0463
0464
0465
0466
0467
0468
0469
0470
0471
0472
0473
0474
0478
0479
0480
0481
0482
0483
0484
0485
0486
0487
0488
0489
0490
0491
0492
0493
0494
0495
0496
0497
0498
0499
0500
0501
0502
0503
0504
0505
0506
0507
0508
0509
0510
0511
0512
0513
0514
0515
0516
0517
0518
0519
0520
0521
0522
0523
0524
0525
0526
0527
0528
0529
0530
0531
0532
0533
0534
0535
0536
0537
0538
0539
0540
0541
0542
0543
0544
0545
0546
0547
0548
0549
0550
0551
0552
0553
0554
0555
0556
0557
0558
0559
0560
0561
0562
0563
0564
0565
0566
0567
0568
0569
0570
0571
0572
0573
0574
0575
0576
0577
0578
0579
0580
0581
0582
0583
0584
0585
0586
0587
0588
0589
0590
0591
0592
0593
0594
0595
0596
0597
0598
0599
0600
0601
0602
0603
0604
0605
0606
0607
0608
0609
0610
0611
0612
0613
0614
0615
0616
0617
0618
0619
0620
0621
0622
0623
0624
0625
0626
0627
0628
0629
0630
0631
0632
0633
0634
0635
0636
0637
0638
0639
0640
0641
0642
0643
0644
0645
0646
0647
0648
0649
0650
0651
0652
0653
0654
0655
0656
0657
0658
0659
0660
0661
0662
0663
0664
0665
0666
0667
0668
0669
0670
0671
0672
0673
0674
0675
0676
0677
0678
0679
0680
0681
0682
0683
0684
0685
0686
0687
0688
0689
0690
0691
0692
0693
0694
0695
0696
0697
0698
0699
0700
0701
0702
0703
0704
0705
0706
0707
0708
0709
0710
0711
0712
0713
0714
0715
0716
0717
0718
0719
0720
0721
0722
0723
0724
0725
0726
0727
0728
0729
0730
0731
0732
0733
0734
0735
0736
0737
0738
0739
0740
0741
0742
0743
0744
0745
0746
0747
0748
0749
0750
0751
0752
0753
0754
0755
0756
0757
0758
0759
0760
0761
0762
0763
0764
0765
0766
0767
0768
0769
0770
0771
0772
0773
0774
0775
0776
0777
0778
0779
0780
0781
0782
0783
0784
0785
0786
0787
0788
0789
0790
0791
0792
0793
0794
0795
0796
0797
0798
0799
0800
0802
0803
0804
0805
0806
0807
0808
0809
0810
0811
0812
0813
0814
0815
0816
0817
0818
0819
0820
0821
0823
0824
0825
0826
0828
0829
0830
0831
0832
0834
0835
0836
0837
0838
0839
0840
0842
0843
0844
0845
0846
0847
0848
0849
0850
0851
0852
0853
0854
0855
0856
0857
0858
0859
0860
0863
0864
0883
0884
1034
1104
1108
1109
1110
1120
1174
1226
1228
1229
1233
1239
1240
1242
1243
1244
1246
1248
1252
1259
1290
1297
1300
1307
1312
1314
1328
1333
1343
1346
1358
1363
1366
1382
1386
1391
1396
1397
1398
1403
1408
1421
1426
1438
1440
1463
1467
1471
1472
1480
1486
1487
1489
1490
1501
1518
1524
1526
1532
1542
1555
1559
1562
1565
1584
1585
1586
1587
1589
1598
1601
1614
1626
1631
1635
1636
1637
1642
1665
1671
1672
1673
1682
1693
1696
1698
1699
1716
1723
1724
1725
1729
1730
1732
1737
1741
1745
1746
1749
1750
1756
1758
1759
1760
1762
1766
1767
1775
1776
1782
1784
1785
1786
1788
1790
1794
1811
1812
1827
1830
1834
1849
1874
1879
1893
1901
1911
1922
1946
1949
1953
1954
1973
1988
1989
1996
2001
2004
2012
2016
2023
2032
2036
2044
2053
2058
2407
2408
2410
2420
2421
2422
2429
2432
2435
2436
2446
2454
2464
2469
2470
2471
2479
2488
2495
2496
2515
2520
2529
2532
2542
2556
2557
2558
2573
2581
2597
2598
2599
2642
2724
2726
2735
2736
2742
2748
2754
2768
2770
2772
2777
2942
2953
2988
3058
3201
3202
3253
3259
3261
3335
3344
3353
3354
3358
3362
3363
3368
3370
3371
3410
3446
3451
3495
3515
3516
3520
3545
3546
3555
3561
3582
3609
3614
3618
3619
3621
3638
3649
3664
3674
3680
3688
3715
3716
3731
3732
3753
3758
3761
3763
3765
3776
3782
4055
4057
4059
4060
4061
4062
4063
4064
4065
4066
4068
4070
4071
4072
4075
4076
4079
4082
4084
4096
4099
4100
4102
4104
4105
4106
4107
4108
4110
4111
4113
4114
4115
4116
4117
4118
4119
4120
4121
4128
4132
4133
4134
4135
4136
4140
4141
4143
4144
4145
4146
4147
4150
4151
4152
4158
4159
4160
4163
4164
4167
4169
4170
4174
4176
4177
4178
4180
4184
4185
4186
4187
4190
4192
4195
4197
4198
4199
4201
4204
4205
4206
4207
4208
4209
4210
4211
4212
4215
4216
4219
4221
4225
4226
4227
4228
4230
4235
4237
4238
4239
4243
4245
4246
4247
4249
4250
4254
4255
4256
4257
4258
4260
4261
4263
4271
4272
4274
4275
4276
4277
4278
4279
4280
4284
4285
4286
4288
4292
4301
4306
4307
4309
4310
4315
4317
4319
4321
4323
4324
4326
4329
4330
4331
4332
4333
4334
4335
4336
4337
4341
4344
4349
4355
4356
4361
4362
4365
4366
4372
4373
4374
4380
4386
4387
4389
4391
4392
4393
4398
4405
4406
4410
4411
4412
4415
4416
4417
4419
4422
4423
4425
4426
4427
4428
4430
4431
4432
4433
4438
4443
4445
4447
4448
4449
4451
4452
4453
4459
4460
4461
4462
4463
4464
4472
4473
4477
4480
4481
4483
4484
4487
4488
4489
4490
4492
4493
4494
4495
4499
4500
4501
4502
4503
4504
4508
4509
4510
4511
4512
4513
4514
4515
4519
4520
4521
4526
4527
4528
4532
4537
4538
4540
4541
4547
4548
4550
4551
4553
4555
4556
4558
4560
4563
4567
4568
4572
4573
4577
4580
4582
4583
4587
4590
4594
4596
4597
4602
4605
4606
4607
4609
4613
4618
4622
4624
4625
4627
4629
4631
4632
4633
4634
4639
4640
4646
4647
4654
4656
4664
4667
4672
4679
4681
4683
4684
4685
4689
4690
4693
4694
4695
4699
4707
4708
4713
4717
4719
4721
4723
4725
4726
4727
4728
4729
4733
4736
4739
4740
4741
4743
4750
4751
4757
4758
4759
4760
4767
4768
4769
4772
4774
4779
4782
4789
4790
4791
4796
4800
4802
4804
4805
4807
4808
4809
4810
4811
4812
4815
4817
4823
5249
5251
5254
5258
5259
5272
5333
5339
5358
5388
5398
5474
5587
5599
5842
5849
5855
5856
5860
5867
5876
5877
5887
5889
5899
5904
5905
5906
5907
5910
5911
5920
5921
5922
5924
5927
5937
5939
5940
5941
5943
5947
5948
5949
5951
5952
5966
5970
5971
5972
5973
5974
5975
5977
5982
5985
5994
6008
6019
6031
6040
6046
6048
6049
6050
6051
6054
6056
6058
6059
6063
6068
6070
6071
6072
6073
6074
6076
6077
6084
6087
6088
6091
6093
6094
6097
6100
6101
6102
6103
6105
6109
6110
6111
6112
6115
6117
6119
6122
6123
6134
6136
6137
6139
6140
6143
6146
6147
6148
6151
6155
6156
6158
6161
6164
6166
6172
6176
6178
6179
6180
6185
6188
6189
6191
6195
6196
6198
6199
6202
6204
6205
6208
6210
6212
6213
6214
6215
6216
6219
6220
6223
6224
6225
6227
6230
6235
6236
6244
6246
6247
6252
6253
6255
6257
6258
6259
6262
6263
6264
6269
6271
6277
6279
6281
6285
6287
6290
6291
6296
6297
6299
6301
6319
6320
6328
6331
6337
6338
6339
6340
6342
6344
6345
6347
6348
6351
6352
6353
6355
6356
6357
6359
6362
6365
6366
6367
6368
6369
6370
6371
6376
6377
6389
6391
6393
6396
6397
6398
6399
6400
6402
6403
6406
6407
6408
6410
6412
6414
6415
6416
6422
6423
6429
6433
6439
6440
6441
6446
6447
6448
6449
6452
6459
6464
6465
6474
6476
6479
6481
6482
6483
6486
6489
6494
6499
6500
6502
6503
6504
6505
6506
6507
6509
6517
6522
6524
6528
6530
6531
6533
6535
6539
6540
6543
6545
6546
6547
6548
6549
6550
6552
6558
6559
6566
6569
6571
6577
6578
6585
6586
6592
6595
6596
6602
6603
6605
6606
6607
6609
6610
6611
6614
6615
6616
6617
6621
6636
6637
6639
6641
6648
6649
6651
6660
6661
6662
6665
6668
6669
6670
6671
6672
6673
6674
6676
6679
6680
6685
6686
6688
6689
6690
6694
6695
6697
6698
6699
6700
6704
6708
6709
6710
6717
6722
6725
6726
6732
6741
6744
6745
6755
6758
6759
6763
6764
6767
6770
6776
6777
6778
6779
6785
6788
6789
6794
6799
6804
6805
6813
7136
7138
7139
7140
